291.0098578929901
293.7120499610901
299.082967042923
292.63515973091125
290.11875891685486
294.72547793388367
291.56923484802246
296.1104488372803
295.3055589199066
295.0617618560791
295.0393919944763
292.2174479961395
293.4400098323822
296.7951138019562
297.57881903648376
292.47599697113037
296.1767108440399
295.1850287914276
291.49869871139526
295.2549307346344
290.692419052124
290.6108798980713
293.0675218105316
297.40877985954285
297.0069477558136
294.2494738101959
296.67937684059143
295.3859429359436
293.53344678878784
296.35966777801514
