139.11802506446838
137.11748814582825
136.0163221359253
138.32594990730286
136.35862183570862
137.81081986427307
137.1605679988861
138.06622886657715
135.6634168624878
139.69080901145935
139.6793909072876
140.81603717803955
139.93133902549744
136.00821495056152
139.48435616493225
134.91144680976868
134.8735649585724
140.61246299743652
137.5993881225586
136.54030394554138
140.1121690273285
138.3487799167633
137.77832794189453
135.68062782287598
138.20797300338745
133.8114149570465
137.8518509864807
141.0425510406494
135.70919585227966
136.87625694274902
