157.37456703186035
153.1870138645172
159.18029379844666
157.60623598098755
155.9635579586029
153.2869429588318
155.36658692359924
157.68244004249573
154.6001420021057
154.57709980010986
157.79648089408875
154.25284004211426
157.53413677215576
158.71275782585144
155.40763807296753
155.85818099975586
156.90348100662231
153.74192309379578
154.67933297157288
156.35103487968445
154.40910077095032
155.96262383460999
156.8603479862213
154.4202959537506
161.064435005188
155.9338779449463
152.31191492080688
155.82327699661255
159.8955488204956
156.20917773246765
