300.4560809135437
295.5439786911011
299.70786595344543
298.5772669315338
295.1554548740387
301.64647603034973
299.0023910999298
298.02410078048706
300.30992794036865
295.778342962265
297.55203199386597
298.15302300453186
294.8965177536011
294.10897994041443
292.27970600128174
295.21653985977173
295.57785272598267
298.2262830734253
296.90212893486023
297.5410978794098
295.67309403419495
294.36474108695984
291.80567502975464
301.93695092201233
298.0223069190979
298.6229429244995
296.5341761112213
299.3699588775635
297.5479600429535
299.8482527732849
