155.9980571269989
156.40325212478638
158.61564779281616
155.1770269870758
157.19382405281067
159.42566180229187
158.76084113121033
155.41572904586792
155.31756401062012
157.65052485466003
155.14684200286865
155.36026692390442
158.4050738811493
158.76393103599548
160.08506679534912
157.08791995048523
154.93524479866028
156.8728849887848
153.8730788230896
158.35497188568115
157.7203459739685
158.2038288116455
158.29102993011475
157.8008508682251
155.6043918132782
155.20334887504578
156.50485372543335
157.70729899406433
157.87383604049683
156.77887201309204
