140.91135692596436
141.2984631061554
142.06737279891968
140.85201597213745
141.13473796844482
138.1437201499939
140.88688492774963
140.9864640235901
139.43893313407898
138.17116904258728
143.03682279586792
140.1805169582367
139.98717594146729
140.57963514328003
141.42327880859375
141.49728918075562
143.6750569343567
144.88010001182556
139.48283410072327
140.1759898662567
140.23503303527832
143.0792739391327
139.42688703536987
141.00354504585266
142.30688500404358
146.81362104415894
140.4417850971222
141.88522100448608
142.65733194351196
141.55529403686523
