337.791296005249
336.2257180213928
332.5658378601074
333.91811871528625
334.99868083000183
333.206161737442
336.43070793151855
332.3178141117096
336.70601773262024
331.8666789531708
336.86499285697937
338.6799650192261
335.12595295906067
332.6845989227295
339.1493139266968
331.8629219532013
338.09065079689026
333.41546392440796
331.99269676208496
336.17914605140686
335.6631519794464
333.0673999786377
333.3723199367523
339.54016876220703
335.5749418735504
333.80077385902405
339.01734375953674
335.1002538204193
338.20845079421997
335.6413059234619
