190.23064613342285
187.70981192588806
189.33837008476257
189.04576182365417
187.90532302856445
188.06307291984558
188.48238277435303
189.6221559047699
189.60728979110718
190.05608487129211
188.36176776885986
188.0660638809204
186.03229784965515
189.30200910568237
188.1844208240509
189.10366296768188
190.07717394828796
188.06678700447083
190.24594688415527
189.60007286071777
190.7068018913269
187.09599494934082
190.0020718574524
187.5952160358429
187.8615357875824
187.74696278572083
189.05110883712769
188.55997276306152
187.37501096725464
187.63973593711853
