180.2257170677185
177.76689195632935
178.78878688812256
180.226970911026
179.39065194129944
176.4519169330597
175.0683789253235
177.86789298057556
179.43804597854614
178.82844281196594
176.0646390914917
180.1935260295868
177.58445382118225
180.06496214866638
179.90956497192383
174.85820603370667
177.99813604354858
176.99935507774353
175.1260061264038
179.23186111450195
178.4005880355835
175.63101601600647
175.1149730682373
175.6189000606537
176.06228303909302
171.9225559234619
174.18238592147827
178.4703187942505
177.99501204490662
179.11619782447815
