159.41352891921997
160.00358295440674
157.66793584823608
157.52723574638367
159.89795994758606
157.8884711265564
159.71318101882935
156.06970977783203
154.53397703170776
158.69389986991882
157.51925492286682
156.1565968990326
155.9202790260315
157.70860385894775
158.59328699111938
156.7818739414215
157.42656898498535
157.87875485420227
158.29635977745056
157.6253159046173
156.023854970932
159.0569269657135
158.5254237651825
155.53635001182556
154.57707405090332
157.5393259525299
156.1363799571991
159.00736689567566
155.8433427810669
157.90675401687622
