151.60564184188843
151.90436697006226
151.79652500152588
154.5732719898224
152.8957588672638
156.45083498954773
151.39830803871155
152.85741806030273
153.47096586227417
154.08837914466858
153.0364489555359
153.36807203292847
154.1868438720703
152.5499119758606
154.03802609443665
152.1276159286499
152.11075687408447
152.10889983177185
153.63729810714722
150.22195601463318
152.5672709941864
155.80290508270264
156.2313268184662
149.97851991653442
153.13861680030823
149.8541760444641
155.921462059021
154.6675670146942
152.7402219772339
151.34545183181763
