303.43094396591187
305.54150795936584
304.9596788883209
305.58007979393005
305.5586760044098
304.9427287578583
302.93448996543884
305.78916478157043
301.0097827911377
307.3018867969513
304.47061681747437
301.7489879131317
305.29573678970337
305.47629594802856
307.17263889312744
306.19569087028503
303.87920784950256
305.45604181289673
307.07485795021057
307.63840794563293
305.40649580955505
305.38871479034424
302.25650691986084
305.88110184669495
306.4487748146057
300.7354898452759
305.7927210330963
302.90901708602905
300.5347239971161
306.74215483665466
